53037
9727
73130
96114
50455
96207
78558
11420
40295
31796
31812
77672
27454
56508
25372
71875
91290
54397
92703
80506
34306
48205
48253
11749
68126
61441
25509
19537
10179
59616
83869
8330
92077
91780
80305
41537
27780
80364
73864
4607
54561
40417
44754
42886
56426
47779
27997
55488
27161
94542
327
72583
18555
22767
97486
25936
59636
95773
86115
42901
76095
9238
69469
56477
44211
27863
58954
18121
450
10487
99712
34974
85339
12480
41778
50571
14383
41483
3166
26518
15825
19832
17283
71399
63446
12903
56624
98032
91131
14390
6519
16855
79974
35159
2400
81762
90149
37996
42362
62750
38515
49186
99980
72876
87961
69320
906
27209
86609
85994
19331
29016
38533
85646
32439
86510
1302
60746
18278
28729
91353
7264
93796
64142
36827
99832
88808
8526
79750
2360
355
79700
20923
86754
23598
87037
95103
75146
6397
79348
18675
49971
19920
8858
99803
65733
103
3887
72704
93708
65621
43487
22576
9872
22798
40556
35043
57229
88314
16787
39641
36974
4076
7230
51743
90379
94155
80006
15569
43996
34831
16194
74489
66745
13256
44816
11605
62096
49048
94527
69975
28481
5953
3639
48230
16633
82329
39461
1377
75242
51034
95783
71332
42115
43638
32912
15427
89265
24647
81113
75379
82226
80485
25893
72616
46609
90256
14414
55321
56643
80749
35793
57920
16445
2094
60371
11837
95152
82474
27823
42170
11362
38828
54141
77865
85418
76998
76256
47530
90312
35558
42540
4617
71903
29121
86961
22564
25871
68332
42057
77738
33843
51498
96122
77150
6900
47200
68265
5595
34280
44772
30428
8274
48875
90835
10281
64622
61496
80769
5600
77177
84420
56460
60177
84823
26231
34601
64220
17328
67463
64960
96404
30219
69043
61972
63278
95734
53594
8474
41708
62851
49589
37195
63872
19852
4567
58772
94175
85014
80576
13995
38661
68627
28632
27164
13950
60385
36814
29441
27288
95089
51149
46512
68131
90978
65784
28782
74337
76140
37186
10529
21808
72920
82412
93860
14961
82188
95068
21107
12980
76677
51894
51174
59106
50941
69850
84283
16582
6700
21882
56428
82521
24458
62453
92287
53546
65106
58773
16316
67206
21314
81954
3993
18889
74528
25473
77649
56289
26775
91052
30516
40602
42559
32591
11896
67724
48634
99100
63693
98174
49754
86476
81357
14933
89696
87539
62738
27389
18655
36926
99618
70354
54303
55724
59302
14539
510
27622
94872
20708
76112
99261
58459
91271
22503
51230
27012
84215
47599
39828
4757
82872
24240
67258
94123
23422
52310
43291
86669
92560
53997
44648
34725
14072
44293
62165
62091
8427
52085
72337
85533
80271
2972
14145
23979
98798
60675
15064
99534
30742
63903
37812
37753
17706
13906
3735
41863
67880
28977
93216
85332
35383
4768
21415
96520
78061
49849
18194
15534
88187
26283
2614
67522
49462
62431
30029
34089
81731
61590
57328
71259
67998
64207
86993
71163
93510
68804
95992
34119
44201
93012
84088
64554
23207
6684
85005
24047
95141
4798
5493
62513
62321
87395
35976
70893
94797
124
90197
10265
12314
60228
35578
14926
47618
21762
18559
65952
85314
66411
19664
27214
82
77700
52053
43765
93075
51460
54928
82399
58580
59672
25395
80153
50752
26177
95067
60642
85063
84216
63789
42878
36744
64401
39243
83051
80632
74973
62418
54988
33873
53417
47540
768
49818
86820
29357
20343
78959
2142
19492
13819
34605
12972
44224
45129
71100
12137
75524
98627
46041
31830
75976
29854
70303
42017
77142
84182
24146
19651
88286
53218
30311
96804
26518
29794
95283
7033
24306
54517
33839
40589
57532
41863
94885
81630
56464
38631
95193
68158
78486
12246
8695
22715
15004
79739
89077
84376
92463
79348
51364
74905
51863
62055
60153
62750
42957
45143
11314
92871
34553
71346
4807
60022
87436
30183
21487
12241
91222
52917
90604
3622
35109
51294
25364
43850
10748
13466
83965
10586
43243
7816
87012
26115
87921
11679
46681
77788
30794
93315
88235
53585
99030
52436
21260
24315
74601
25184
64512
96906
69224
23064
97831
37156
75590
33343
99557
70343
20955
30527
74795
17195
8414
49398
29859
79908
24831
35918
41117
44835
96996
971
22417
47195
15901
75549
17872
84929
95110
75317
25036
29836
84857
43955
37792
45180
55597
13790
14557
91736
9135
75726
70387
85295
8411
32419
55128
96224
62359
64920
42936
10645
9900
4209
80345
60042
35650
11250
54313
53900
8791
95882
68710
70460
40636
26924
44266
98194
47340
58878
91986
76479
28234
50218
25193
63659
36886
61874
20341
12252
5483
50400
17950
40984
3000
98908
10710
8002
67353
2038
87978
79744
74033
12355
35747
12701
55782
59877
90169
24746
2522
94339
2005
51008
94081
77848
70817
31361
88740
9607
1999
96284
8656
59628
81123
57902
7035
6765
62717
74150
60086
63919
57927
30369
19144
165
46967
42516
27212
90723
55137
95849
81800
6066
83357
11328
19336
44700
80592
47126
82904
75622
52058
91555
96219
69278
22427
55805
52234
80649
19714
37274
83052
5055
40084
64435
24654
1107
38933
87141
48288
96042
23415
53425
3308
50989
18812
52962
82483
79482
74441
30990
16038
60468
85225
10134
75006
44378
70394
12328
27800
21877
6329
49412
29905
48619
62693
40539
60281
72689
97042
36243
79991
42238
51981
42855
8633
1754
49383
68011
59222
74421
56800
50925
9091
57812
37009
45720
72174
47942
94933
59762
11546
22325
59989
6117
68951
21783
76687
82139
125
75748
30274
20194
28901
28162
54521
5903
676
87133
47729
22207
90789
10514
29417
88952
68418
43626
83397
38382
50751
6756
64191
87777
76899
69419
59595
356
88627
54567
53604
14904
8877
98767
65912
42007
79486
7644
41166
77741
78848
64344
12079
53793
61844
78005
68024
95857
74360
18267
474
76443
97573
53145
26220
68312
871
90429
34926
67234
54266
20926
3834
25207
40861
55062
82153
70166
14966
7950
86656
62597
97090
3473
1109
34165
98935
30146
75777
27293
84376
10570
34724
97476
41780
10313
10096
15547
98459
61518
49555
79654
7294
26177
24292
23738
75490
78302
27977
99586
8832
93564
56163
44316
86525
40267
11351
83040
45825
34077
84217
17537
78102
2139
45975
79276
11103
2712
35487
18989
94482
21506
82734
51153
12212
73140
13590
83110
49199
94665
99147
73471
41426
29676
26827
26484
68229
86315
4360
12678
28584
73225
80051
67327
18855
48242
30214
9816
51420
89865
7085
75156
52673
34046
33842
91562
78704
1659
2181
60448
40153
44285
83236
73298
65151
21792
16012
25714
10511
95027
49372
26634
42814
26699
95811
69373
24350
660
43974
67307
35037
79937
86671
76019
25851
38148
25812
66067
47877
77914
17283
28554
371
40958
44424
36991
65818
4125
56219
74363
31022
15817
64777
96625
32536
53031
77277
82525
1040
27140
96010
28298
64952
13924
97207
81582
97940
14427
12872
10864
51753
73460
93606
10314
89681
86798
60970
77929
88984
55047
74827
47473
90551
5969
87649
46750
60395
49025
47477
76325
40496
67398
89607
49400
18783
47830
57403
49225
28833
54148
40098
50342
91599
24878
69792
70722
8040
88691
2463
99445
25934
30498
22384
46329
98941
96109
64121
44757
65737
31196
47455
22327
12115
34782
95697
66362
37735
3579
30062
43400
9333
45893
39989
87192
67498
52332
16199
93912
95083
96976
76091
26502
68430
71633
5726
87992
29045
29731
47684
4444
83207
92318
75504
43225
83276
38129
98619
28404
71588
3446
31716
5871
709
97729
28021
63243
46896
9682
95566
85103
44399
62282
47281
81921
2989
95834
18697
73456
75505
23606
52919
76852
30969
95017
48442
72270
86767
65634
17978
17193
54250
71340
12658
22658
18916
11580
6296
89443
723
87843
71370
94026
88807
98243
9238
48969
94047
33023
26757
72487
9000
53195
17158
36260
77682
9666
50675
19545
15665
88918
23266
21214
66157
35841
92586
49637
19782
74875
29680
32099
25673
89957
85549
8559
12935
64257
14269
42019
21112
74277
34727
41792
35051
8004
50276
71310
77224
87436
1518
3264
49125
96399
39046
7350
43585
81849
50306
69436
10624
18848
80049
51920
21476
56026
49324
6305
85860
15752
3068
65458
53868
18575
24770
74334
70320
19111
27014
19990
398
46829
75711
65894
71039
46867
8315
66101
94938
54935
72813
56043
15654
34385
21265
99309
52441
59366
50556
9091
10353
47450
26596
47963
68686
48194
26569
96455
56171
80536
14592
97185
34391
91591
47866
8142
21492
34117
68437
55904
11115
81601
38303
39894
33226
81554
45890
76926
29404
70767
10672
93531
19235
65789
84172
63138
97428
33059
90450
1789
36879
2521
97573
60402
28281
62239
68084
75070
39192
57322
46887
17307
82858
56697
58572
60545
28642
7622
760
11337
26881
59863
9084
24620
8461
23508
23334
9162
39664
67508
43633
45574
95248
93264
50602
4558
6278
68025
45151
7225
20349
16933
36870
55433
46761
50532
91816
21712
87970
27952
20649
22735
38876
15171
18804
25274
17315
99748
52135
93047
70712
83193
84024
24805
35
76320
8387
94937
43379
17912
48337
31331
37722
69146
78278
26895
36382
28421
45639
1192
89181
97143
60902
7543
35296
99447
31564
89033
57914
75023
96866
73902
96734
12632
55260
38909
29019
99981
54627
80150
61589
66593
80285
61280
88672
53069
83930
56624
98491
42754
32222
44907
17959
43036
1702
80706
55139
76535
8601
8573
99366
2651
8685
7027
40247
94291
10226
85332
71180
15036
2527
39497
52062
41273
33911
7860
23525
43747
20215
81169
45237
4797
84768
66782
84469
7333
51291
67351
20407
71655
37294
14681
60985
56811
95545
85385
54455
11983
21229
82797
35339
30032
14378
63159
85123
87265
40531
84323
1052
47070
18545
54614
87808
27131
73280
81797
84794
83669
6362
5080
52210
19530
97118
2115
78409
95300
72221
12724
69874
77680
45953
49612
23435
67629
12730
85028
29848
39648
83750
65969
40602
65829
22971
42593
91536
64063
81620
63109
63338
44048
25879
91849
54758
47845
47807
92958
82538
82569
1035
55833
16956
95802
25602
91413
93921
80216
12385
77299
28816
66553
53634
65698
86898
13305
1322
17305
26969
20783
83888
65056
18010
30043
96645
31919
72616
30300
94116
56046
80303
58270
32440
66812
84777
89168
69636
11244
36960
52147
11283
1481
82433
71215
33949
78042
36889
59648
78034
91552
76975
11437
33030
2940
77438
50585
28665
74541
97613
40402
23746
49431
50156
51623
7383
62464
19245
22775
5404
94485
92573
93956
51269
35625
86526
82023
47914
24701
44674
94973
28614
80826
39814
71486
48779
31387
49896
75342
42247
1672
14407
13229
85387
17022
55734
41289
55741
24650
24668
5587
16252
67060
96939
88591
57867
59864
81402
68613
51485
84911
23073
8884
46747
61036
71889
31558
50516
65027
78862
34687
1250
8420
79371
34959
60053
22725
23296
26471
40190
96125
23081
92040
60890
79437
53406
80566
97113
99929
86891
11372
68810
23540
6923
68490
89381
34138
73638
82057
5812
46806
55812
68078
38079
50756
72716
27805
86994
42545
73822
61765
98029
57086
65994
57785
81225
62020
82603
84447
42210
78033
83427
49825
77093
93328
13011
31074
10807
5767
2519
97386
56607
91322
3165
28098
43057
98540
288
95419
82904
26886
82405
1352
10207
17328
2001
27980
56861
40925
13605
1646
13851
9155
93591
13353
48098
31079
78094
37024
9318
7255
27258
69166
48489
8497
65421
45468
25421
26882
1306
94508
52186
33384
75945
25170
2888
7352
49651
14403
66314
90556
88800
7493
24695
17268
42395
18214
22710
60701
8015
39304
10021
42224
90945
48121
99238
4161
55977
55393
26119
10919
38478
38005
52140
86555
92732
56201
90683
46714
9829
1347
43940
15749
42513
13930
83051
47912
72739
45020
60372
26679
59627
27647
47657
14035
19169
27663
5067
11916
42948
15702
339
57057
95951
4314
85699
69604
45748
28913
21614
84281
12313
74927
43584
50588
40492
65984
68011
18945
52195
31569
86992
65207
62740
91176
49094
43238
16878
5332
22602
79896
7027
86303
82660
92340
25042
61759
32721
77637
17029
14220
12786
77369
40228
53997
32528
39621
31524
33995
94603
49414
34959
49895
17726
73058
11361
75751
83120
82221
61212
65803
17497
10824
91177
16798
60302
19203
97804
1000
57900
86691
51970
26432
20510
61023
54074
27999
57578
84804
23437
88688
21470
77529
17019
76675
61874
81405
9411
43265
28154
87147
50367
10937
57963
89663
2234
28121
92519
62963
75663
80760
22631
18755
53887
23184
84772
58063
73518
96426
90497
23902
20283
21042
26553
89470
11899
51625
19008
27370
69392
64024
87129
70757
32075
60450
42228
60803
57179
57043
38081
35623
34960
16117
9974
53415
78513
21953
75448
42796
13494
84402
98409
60149
54979
28661
61775
2714
70562
12892
40861
28654
51068
23666
58656
61502
20819
50570
85384
47543
63071
54448
96209
76068
58499
29153
33453
70100
26859
54838
45583
31034
25221
74330
75319
54190
93817
81533
59381
63953
38246
83970
51740
74126
49306
65043
644
92603
60077
17780
23804
51935
92603
99317
22890
37390
348
25824
28128
71535
41794
9107
37341
40126
26126
30024
96701
85518
58448
19695
49983
48710
37209
39485
49169
35724
25726
28285
84793
68512
58827
66085
15426
62335
42370
70244
26049
52487
16655
18840
58212
84954
97321
91548
25846
57052
51047
89726
38993
25239
66908
46638
97664
24606
71952
40754
15888
59854
3965
73014
47315
22928
5795
3009
86544
45083
86760
27012
19754
81398
86064
76747
72363
30075
29940
58454
52173
62071
74082
15137
20261
47534
92113
21918
65037
69148
93055
97381
77485
98326
25098
69794
24869
5167
7015
38988
59993
91062
49154
51574
8216
33117
12498
35390
61067
64820
44472
20355
59639
93140
88212
27572
87535
65016
90340
452
44410
81989
16187
49561
69500
51498
19513
69955
4963
61858
68428
59274
31729
13686
17795
84640
77888
40224
35787
68277
43447
63211
27368
79690
68296
47638
70034
32829
10850
4663
63529
52771
86202
4540
50678
27379
53938
69196
67871
13855
32643
43213
85446
91934
90444
50814
11680
1541
2998
4228
90061
88500
5219
71011
36377
94156
87315
94050
85902
84126
74899
60497
26163
15615
11714
64870
65029
63511
92417
45602
82288
15609
25975
4627
77545
46477
72990
70930
25708
3817
75533
28301
86350
38494
18915
11775
79454
36527
30989
51771
32253
50108
73620
48456
18550
7132
1126
46310
63867
64681
19679
39215
42014
20853
66068
51096
78889
99515
30139
14070
76795
97265
15962
40862
44832
82425
47947
19717
53675
49334
41801
99110
70162
35387
71579
90850
63047
39711
71513
66881
34542
23949
90079
19478
82047
57336
48717
60609
24922
1996
24376
69711
41826
85695
41105
66300
47512
51815
96464
22968
75285
30597
64285
33062
92195
93566
70170
86657
13849
97419
46448
31482
86929
4326
91733
54845
87175
91237
23159
15762
27696
31587
39912
76831
33044
54937
96389
8554
95274
8268
12229
86363
559
27008
76891
6336
99843
23627
2247
44107
49728
7300
26303
45846
99351
63226
50005
63975
88009
59968
45286
30702
14463
3110
42975
55275
67174
17827
45259
98188
99818
44974
69885
55572
37806
43692
58295
32504
45958
7844
35349
15459
45873
64591
74041
32185
37590
53899
31348
88248
46105
12590
50669
71834
71354
36695
52433
97655
907
18624
39319
48552
10796
5295
72654
93446
86661
30604
79014
19345
56959
51310
3352
43116
84895
66254
81587
95910
65536
9213
3780
27411
75660
90225
40161
21017
33975
36826
60690
39719
94712
31123
80220
97439
32548
40149
65228
68661
64744
47141
9212
53967
36387
97581
77541
93484
50719
78311
84385
92161
63530
59030
97723
98430
19701
32335
72726
83472
15784
45461
48566
7615
79487
67139
93103
19479
6854
45985
85225
36581
47148
23514
2765
46935
60807
93092
86222
69446
76100
15262
9366
39631
16329
60728
90764
73820
95561
6636
83423
41954
16098
71434
34098
96452
64119
76785
77316
60500
1637
47226
42202
86873
42341
16686
97516
31949
95421
11352
69993
55869
56674
4245
83687
39860
98063
79688
58187
92241
29435
13930
75921
48084
35065
12191
66265
89272
64113
10083
52334
58970
49335
71875
33332
34295
99141
44840
91789
6292
16506
29677
71081
31159
20526
6578
97000
23699
24945
68458
96492
15873
92927
34831
76640
49257
66370
33558
83455
92864
5732
39548
11778
3883
58510
87935
70282
80002
97282
18281
69798
23056
69906
60039
76577
79127
93212
62393
8140
86896
35778
41154
100
60048
95978
98558
94239
1766
13263
60083
18744
79393
16609
38432
74516
99854
75136
69491
95600
94014
70928
14295
37897
31686
3641
36234
41032
63137
73022
56172
1576
36496
9400
52211
90917
51426
65423
64700
6147
1262
33268
88828
69912
77565
57278
74676
27511
48517
66175
54403
90170
86447
50370
48437
42443
80986
52931
22457
1295
53401
50762
89041
57455
28247
44518
84834
50149
62203
27107
88684
35967
99430
22567
97363
30739
89753
8366
93211
31168
89972
52832
82610
53820
69081
32908
40712
96607
37743
50276
74426
50603
83843
35988
6539
6007
45640
5408
7315
90391
52735
26457
69394
92521
56242
29051
42525
74462
3930
64102
12089
67362
42304
35287
75110
97130
69216
59331
94546
8922
55242
53359
42031
23153
74691
98831
33150
93649
35368
17433
77418
93486
73842
87205
49682
28691
78421
21412
53374
94731
84386
81497
25203
99027
33837
46968
79073
51673
35753
34042
85113
18896
51726
47066
22652
5204
23005
83695
11375
66164
6426
93830
29099
39617
12120
37500
93360
65681
57011
88789
96666
16976
40919
70428
67884
39716
69950
51255
17160
95228
95670
99845
82464
50708
9824
34391
23303
20199
6101
71241
45665
81810
47267
26780
5401
2145
78581
10641
86161
2488
45873
9027
38420
50912
58555
68322
40040
69324
37911
85960
72159
42599
22860
92857
27404
41276
84036
79452
91666
27840
52911
44944
72920
92448
92135
31757
93817
15459
5710
45913
78584
7132
19155
34915
59761
11567
40340
95999
41227
90589
33693
82942
24873
20590
69935
31946
13248
2745
45532
8571
35842
11635
79183
7833
66777
83538
21800
66862
5935
12348
87845
47687
85418
44049
53340
14439
87093
1585
8772
43400
14201
99052
92212
911
43692
41285
81571
41130
36672
93954
36911
49001
31227
96754
23321
52855
35750
36859
11597
7315
43199
81535
64575
26383
61738
48650
90161
94436
92900
25563
89489
69168
33111
28396
21311
51597
96586
39360
70829
71919
52560
40777
11423
69114
52577
90963
80657
16126
6117
68464
68568
66000
72364
27456
61920
83238
17339
88988
89493
76494
92642
49311
19006
50252
16521
76531
24707
20878
92775
97012
24175
24013
65237
16386
84048
31074
54839
4904
85531
34755
82298
1924
44845
61625
56252
52083
96653
42335
25892
90938
95821
38009
63218
76691
34702
27118
19665
70578
61379
66916
1545
78195
91502
18775
74641
37699
50695
73909
13762
28167
11932
3897
73735
85996
74737
54946
75953
4396
1928
10095
37926
83194
96572
74681
92121
53130
5223
80749
82357
98144
59332
17028
49779
19667
66479
1889
42539
5374
51944
56231
51750
21187
69110
54741
17522
412
4392
32606
8335
4735
16054
31081
39495
58605
75783
38978
80859
52120
10412
7131
27192
77487
393
84963
45704
13095
53780
17024
60836
41767
21270
69612
21607
75504
33998
82666
16574
51367
30709
71619
62300
31137
29052
22209
80074
618
41393
67336
93532
73937
61665
58124
42334
26676
26679
74323
48653
27619
10306
74087
76418
56084
26869
24183
6345
91746
45896
78092
73552
73378
63644
38884
52090
35269
23164
5164
31668
62531
69887
70622
77919
78282
4522
41460
65548
6242
32561
53352
30438
76316
89630
74027
34440
25719
67146
3006
29711
44206
85129
42096
74922
90017
46819
69460
65839
71294
3868
46142
31623
62797
53492
96986
84553
74421
28970
9128
5636
7982
31132
12088
68278
33796
60426
8095
41658
70212
76153
43379
33726
93958
50451
88361
68882
9944
39883
47176
51037
97731
59422
30281
23945
29371
30133
23374
87230
32680
78343
3004
61357
37388
86044
10998
94754
3377
11788
99191
84701
90448
29861
50444
97754
4928
34891
11660
11660
1946
37178
96692
97128
99781
29160
92483
35261
14818
37958
86735
68802
20726
49572
5219
30568
73039
70676
93750
12015
66197
81574
19560
2964
85999
64275
5019
24583
44975
34934
77260
89434
37979
33684
79789
35030
80889
12892
17504
47400
38454
81546
27537
44889
73779
24741
27537
98619
70572
76328
75115
13950
30854
55294
95845
94435
70421
28966
54677
69928
4391
25430
9565
43234
29681
94556
15685
82825
23827
76480
61843
57453
53962
57285
5673
38
42451
93998
25595
16969
10903
11261
9355
23574
46743
57207
94275
30862
46453
83267
29870
55298
64828
47729
19924
20391
85710
37367
76656
26630
41128
12982
43024
81616
9459
41372
95977
29102
74506
11651
1204
28342
74787
1591
66440
18234
68861
73588
74965
3962
97412
13421
47066
89689
5763
18249
80836
76142
62566
34280
22148
94801
58571
32676
21740
97461
63845
67795
5190
74709
57901
7144
58448
49415
63525
32089
25239
24749
20906
71995
93647
15562
71190
57801
461
90993
92206
30148
57570
20025
16111
79764
91828
71086
22608
28781
49498
64577
64788
56365
86771
69951
12206
65697
55396
49086
60465
21543
87117
82260
57011
19983
5222
96898
47742
69434
75291
69070
83603
77316
53473
47022
99387
41759
88084
64640
57195
17333
72654
81751
82995
43310
26214
77167
75907
27346
20291
49697
40538
90854
24732
74995
92845
12403
32973
90087
31889
53893
17016
55699
40325
53231
12693
60657
12094
62027
48279
37228
62800
89247
89373
73467
91766
80156
5970
81002
43967
8479
48898
93012
20597
43674
53145
85581
62379
69229
19481
7804
62306
95438
1975
96197
20536
6728
51059
17316
59886
9151
59283
70934
28340
20177
46619
12945
82707
53400
61002
95797
64790
90829
66324
61850
72246
61798
66936
81800
66049
72768
30621
55141
98662
40280
36878
24392
38176
56274
29902
93357
34493
44221
59866
40226
38121
39726
86298
74494
14140
68712
44772
92657
38396
47422
86349
31895
44656
11215
66924
76710
93635
91760
39374
31558
4817
51751
5039
11840
11313
75635
41691
89775
3679
24713
87265
79251
40773
27642
16977
89701
77445
77936
85842
59109
59526
90711
2530
95503
98936
10072
85611
69388
2053
64993
60830
74884
10167
6240
23215
36881
75392
58158
2125
47086
85546
37416
9724
66063
78587
85721
18385
47402
12452
32244
73161
92883
25478
86588
58567
19462
1538
12966
38696
93629
38940
49782
5380
5538
38123
61031
1795
58750
66719
48679
41465
43055
20079
67646
19552
3960
15327
2095
38800
15730
75339
45398
30078
11936
23474
92466
35982
36385
98401
2428
38838
98207
84666
33749
77425
27268
25314
13855
42621
97068
54500
72289
16786
35221
39525
33998
64990
19763
4325
25823
56034
42528
2766
88829
86211
2384
51933
77595
19181
90179
11658
31327
68203
67796
91093
78753
28763
11759
7919
65164
93010
31
94050
67202
56172
39108
3294
22909
57069
24611
89633
82927
82233
75960
32291
38315
34285
9703
15611
83804
96056
64208
2609
7059
33369
40865
6048
40702
41142
57989
35207
41300
21046
79610
61261
25165
42076
63809
48047
90638
80672
26286
65704
37314
68780
63487
33467
25444
72240
22569
9376
70362
17730
77997
39017
59355
42549
2826
59951
76240
28885
33580
79134
2136
94237
43011
59194
72454
75669
68782
51372
16005
84363
87702
941
91260
268
38327
60653
55149
44767
83609
24896
13719
93855
4989
14215
31643
67059
43443
89111
37883
3404
74536
42215
27870
17818
20060
54971
94897
47659
78033
63464
424
21601
18688
38019
32674
23183
84294
87563
77065
51888
38076
78672
56792
99876
4132
19582
57912
74151
54911
21162
25219
59664
83323
92279
37450
70755
84970
39750
46866
6451
15502
99576
55160
87064
64880
74432
21910
83785
88112
41514
75805
78966
80502
62979
67842
67012
90759
16003
95830
93157
10547
29886
59149
57236
5483
28194
89919
5163
28753
749
8077
65473
30535
67759
34012
40834
97193
19800
88893
96908
37399
39550
11277
53508
21035
67212
96055
33268
72233
13418
96312
40417
18739
86757
57467
72364
49852
25308
15522
27077
75060
16358
42598
58791
77282
42915
6038
56629
63825
66109
73563
23983
20609
24250
98044
29072
702
74977
67549
80934
4654
96519
11106
71855
41155
96341
53618
95565
54608
75384
76887
85926
75608
83428
18241
35899
2403
72357
86282
78019
93770
85668
60276
67491
74513
48595
32847
10412
91764
78741
49143
65937
48922
42189
85881
98115
678
13953
51382
235
84365
59082
65632
34659
20098
63867
48290
37489
53996
96876
75741
98689
28281
25634
33516
91006
84588
80636
44809
20205
96049
72125
85256
33671
13265
83089
46049
76400
88194
79869
2603
89496
2006
60104
59876
29390
9363
14368
42669
10396
62371
54250
26610
63267
22081
77418
33224
70132
80116
38987
93806
45383
32153
41515
15158
43036
64312
30278
46077
97580
44633
17566
88150
14059
57103
13764
97029
30524
39250
35429
44966
70832
27563
94484
47598
30557
56168
13744
96842
54551
431
97169
75172
70318
495
18965
1699
29796
71795
92929
97074
35529
87152
34038
58393
19253
98141
31826
13159
14465
35138
38112
51858
39490
13288
81277
20053
71811
67536
80456
99095
10046
55872
53381
72556
58806
88185
19949
71221
58004
70852
69654
43395
87965
97994
67803
40441
63084
68611
90696
44815
17617
93414
62788
96371
75877
60223
86970
54154
64105
92382
74214
62131
55258
10828
20057
33485
22899
2681
89577
81295
78048
63633
91641
62805
15994
22893
18848
72187
77923
75973
32344
46465
74624
10083
30085
64494
66286
60435
90079
70385
69698
28118
23998
65283
45729
59606
42370
9416
22297
92436
84604
17877
92890
16477
68221
19435
40565
46619
62745
86753
39695
46375
14134
39584
56193
65373
47607
28455
29232
63720
17248
22959
94148
5084
9445
41545
16199
40738
89363
85796
1532
34701
31195
69354
41625
98284
18838
5706
88578
16441
14010
91056
78819
17646
49368
59120
82922
93591
12366
76867
39935
65218
69552
64872
79457
62611
99342
37195
92191
47892
90370
60258
8655
22890
248
95412
29582
96227
72858
53397
44949
20715
86199
76525
80404
16157
33200
64310
56942
29110
70879
79780
90512
39398
78755
22207
25039
2080
59660
12843
72445
24497
42176
59881
66184
70157
27656
92918
41167
9124
72123
977
19746
68212
88676
25818
31861
75736
26578
81462
36864
52063
91324
83311
67318
55319
13327
91832
31136
91495
83637
87503
80630
40508
30660
6587
9081
50907
17536
36500
81008
67222
10542
30081
41404
22586
1878
17117
86810
5860
23667
45683
28661
75571
75131
22825
14950
56505
47110
15641
98985
83532
54909
91385
57085
54777
21280
23484
7703
87448
88499
83442
65124
25850
7238
74602
95833
2975
89248
24408
78296
32708
60935
70802
36194
1881
33455
82036
51987
87505
12349
29123
4382
17810
1878
79951
68902
88493
14985
52881
39543
92807
72085
89748
9599
40214
34968
80688
75244
74344
4022
66289
84770
58684
27970
54710
64153
3668
50252
21622
69617
85058
64423
68253
97171
67455
85141
54803
74502
20698
38386
33470
31467
58702
37882
35806
65493
46765
96568
59478
72872
69368
67276
48874
74317
78448
69015
78308
44175
21415
44838
19153
36725
48656
81881
52584
37660
55413
41551
80427
43025
78535
1232
25670
32520
16015
17974
16052
18555
89219
76793
56160
71075
85589
55286
42761
38124
62469
51643
23519
97016
4215
55634
62187
35026
63135
94535
57483
28141
98713
77687
56826
9977
64021
55447
55885
59106
40431
27262
21882
73541
20349
89360
42580
42607
44929
76392
54097
16659
46142
77090
84908
70728
68520
54210
3622
67965
44052
12260
31752
12154
6126
5505
55299
36756
93802
83098
30936
17901
81522
99461
70324
28486
32061
99377
28051
94337
28481
42711
60518
33335
37375
43263
51310
11123
12893
15116
68328
48713
89810
67397
53443
3447
83642
25505
93772
26550
91784
7950
87755
70332
2395
734
9606
22898
26665
26511
95619
56845
93785
58390
75787
69931
47981
45639
28234
77420
36252
66947
58515
63819
72925
72318
47425
51863
97119
35723
24312
56690
27446
84999
11369
7493
59151
28191
37780
8606
16421
88959
3688
18343
79948
75672
48486
16804
74347
16365
83108
22889
81287
64603
6605
48661
1562
25186
90181
560
91810
71892
27499
69276
41621
44408
88151
64730
92786
49531
49186
74397
31572
77205
80389
69891
13504
14675
34682
48501
85565
17606
80351
2428
10307
91848
45081
69374
74923
65478
12852
32980
34471
40718
68040
78249
83371
82614
94648
83153
77256
13095
92084
13443
91258
19524
66975
27637
53047
83675
8427
4979
46375
22150
55647
48923
57203
54238
60314
22231
37846
24862
71378
13048
30577
66095
59125
85676
85275
56885
7217
92572
43509
17301
35887
60869
95483
28225
21241
19185
83670
99586
62588
69296
94734
17441
30985
72760
15613
51410
90422
66551
14783
11485
33122
76752
45893
12074
4373
45306
82505
92456
59813
23121
63452
12123
38869
72214
34683
52096
69976
59562
66528
21533
94675
47139
39733
27690
67009
97416
64835
88790
94512
11535
93929
42456
30600
38960
72327
4307
44748
53574
70330
13252
75417
25730
26242
63723
87115
39339
51167
11476
52255
27798
38203
86497
68531
93757
63200
92118
8970
71039
1130
1376
16908
87573
54263
58786
82633
15148
61659
59070
5086
89764
5393
81405
43728
82916
54379
69371
50294
32759
18154
39538
31891
82151
83433
92641
95616
10036
7060
65048
66216
93969
41366
20707
53581
2300
95568
68401
80713
7416
21797
94399
76399
12553
80018
62246
41679
48555
15899
13502
12440
77647
37985
37005
15191
92306
55759
17425
39326
53276
852
52005
56353
56850
60971
50131
29913
33945
76757
91735
91851
92840
15496
99755
97795
42184
5697
81748
98330
45259
25430
94184
66742
76390
57926
69563
72464
77516
22481
63269
22545
98856
89476
51313
62806
12918
26252
83268
33491
54719
91788
19048
65012
23280
1482
55093
23230
31734
35011
7547
2579
19672
39455
41678
68981
30224
88799
60462
13890
10759
90227
60017
78365
16620
66504
879
8014
8049
75486
50891
72703
80803
68344
52089
15655
9283
65453
55632
89764
91302
45563
42542
89857
26437
93275
21858
54967
38242
88367
93114
1840
79800
38488
9417
32966
67325
27845
61301
41898
46871
74245
7226
90369
99544
55037
90174
15753
35575
91605
55218
54297
83052
44109
54658
35142
2792
62990
82682
2178
17487
36859
74292
54046
79667
35653
84514
49904
42734
29086
55092
74897
16635
25157
97511
21405
21362
576
2507
10973
76990
38504
82671
78977
52829
83646
37418
30630
18995
87419
50921
2552
45707
87942
25552
63089
47564
75582
40239
59392
96851
44951
7651
15588
96211
17314
95781
36343
78054
34020
44915
96168
42222
26536
56601
54272
18156
31505
75868
31367
21276
65992
57475
12191
43435
30068
51618
90381
94615
65863
44324
43320
69857
85268
80820
30858
22833
75391
25800
65363
45799
87949
26347
81549
89081
25947
42405
19771
5390
35946
23177
36458
87093
61847
29308
50585
29667
27049
51453
29301
61799
54852
54005
76349
15756
29402
4411
79845
45866
70433
17636
38997
30921
59200
7206
817
82036
25634
42312
6292
65270
61997
49896
23797
32659
53869
40776
20140
82277
79690
61014
57294
74610
57560
11158
90035
44742
48012
36814
21369
85491
95756
49261
76641
94817
26975
12857
79159
37619
51588
7477
8432
15608
38367
38475
51180
3851
90158
49819
29946
39336
54073
33024
89819
56490
3976
17819
71006
18342
77870
38015
91371
80286
86275
21912
9980
94467
6640
26136
6724
13994
64196
52320
29363
98857
59139
34087
29170
4911
90429
79082
39849
21501
63613
19504
74209
20869
4472
13785
87843
4541
53189
71714
8542
23392
53900
36824
50440
45761
46423
49751
41148
53805
59909
39965
56066
34108
14781
38832
93068
37588
51744
61768
86748
95322
50455
73082
19971
7509
86699
67298
66468
25953
53524
39981
64439
2029
33641
7616
46282
65938
27094
43913
97314
69296
13420
37216
72223
12902
41458
13177
13917
83725
1273
67017
55095
57618
69709
49169
18054
97455
65927
33228
43302
45957
24543
8626
72602
62072
94847
23110
30886
8007
4563
68451
66170
35430
93373
73341
85199
11482
50597
37143
90378
45456
70637
73665
42205
11706
91266
65291
27373
72295
21454
93514
68814
33406
35499
67013
40522
72215
63154
29438
9728
74294
51665
51096
39017
21509
18587
68393
92567
44972
62298
96957
81526
28848
99039
7172
33172
30117
39034
71961
70429
17425
71877
97808
3294
32607
89434
98716
64139
33309
91205
60698
9629
52787
13941
42013
26259
79839
4172
48983
26233
19761
17109
29568
85926
87040
92565
57638
8959
41864
93050
49906
12537
53281
72784
84498
32220
42685
4690
64585
94243
52701
91038
25391
77375
3664
30017
96390
14331
78570
31794
33594
39899
27805
57051
8980
28925
37654
28625
77340
58434
75382
67365
22600
31910
63403
47890
87461
39242
89643
87
82208
96467
12813
64287
55858
11691
97572
31387
57734
35334
18616
40658
89000
37631
42914
70543
26924
12576
25220
81976
26648
94657
7779
81631
54896
73351
63043
42609
21308
96878
85789
65867
70615
93889
39295
75821
48086
28230
5952
92327
69234
56599
63934
97360
37973
29419
71542
6581
44285
57427
6944
65070
99472
22272
86116
8460
70749
43745
50141
43759
54250
69546
69288
58452
2048
74289
12488
94379
62639
35890
45018
6375
5950
52147
41424
33615
74579
29729
56493
18225
56987
6937
48892
22678
97079
92803
54989
65425
75268
74808
45900
70769
75813
79588
98367
93525
73711
30950
29405
92991
34193
2773
33414
82145
98589
57597
83106
44628
59703
32103
20666
58984
81690
89174
98349
53430
97793
31181
23440
31889
75737
43983
35974
34906
33920
87518
87287
97523
19289
95173
41712
81803
93136
13329
92822
14744
27172
90618
58056
24515
11574
75807
27249
92157
21357
10319
48359
58576
91427
60868
56419
28720
41551
60714
33949
35408
50479
69854
35331
77584
5842
91633
95190
67988
26592
31500
74849
41937
26407
93197
28374
29664
58275
55823
81831
36725
1576
19912
9246
97545
60527
38572
18138
86355
97723
47342
76262
90933
59175
74695
79319
78834
37774
50863
59650
99006
69750
24232
14488
28750
26361
48251
78560
77263
99730
43130
67311
91602
37697
24260
45286
36132
59067
85671
92807
79516
6353
83487
94133
58862
1626
78652
20904
11069
44288
9987
94922
80109
52964
36267
30001
2229
52015
23719
87161
4467
53687
95491
37086
14682
21770
91720
45394
88903
37946
61946
40929
64754
47076
77760
45855
69791
29406
52355
62921
15603
77693
37871
76481
28036
79168
81912
27360
45450
61885
40054
68055
80977
89158
80432
8326
29296
22072
2359
28152
1396
86175
86953
98361
982
71017
72150
60694
86347
902
27295
69583
63162
44248
97594
86075
66248
6109
49714
38520
45455
10934
96012
6828
33197
45748
5060
29886
36409
6206
73141
66379
8304
31457
71000
94597
42030
19124
20900
30574
28152
31206
38548
3021
13941
91143
18854
31179
36221
79024
24127
80621
98570
85263
87020
34094
19915
58675
7139
48408
85048
23953
63976
7678
18879
43857
75531
64761
24765
97656
87599
22173
50024
36850
19782
47192
72233
82619
22167
45798
68519
97067
91138
96180
85982
77436
81850
42959
52271
84153
22193
20136
17649
79109
22801
18310
60069
47940
15814
27976
16647
18058
49466
77046
6464
84510
39544
13794
35928
28459
38546
52801
71817
13827
38878
99744
8591
19120
40923
74244
34428
81401
91729
802
24584
48493
62487
57624
10405
70703
13166
46886
40624
10334
50666
95693
36676
34559
6192
31778
44360
17961
11771
25838
79817
93613
62329
40133
90242
19776
91027
49633
13943
95015
65737
62971
53474
71710
76763
70150
64580
14308
3941
84360
90269
84455
1186
26005
15735
37639
32337
84265
49949
26410
79797
10914
32457
12508
62998
16312
56570
42528
63685
5274
34596
10327
99132
64423
45921
35243
38916
13925
32166
97337
63472
57697
76977
65274
20967
72132
95486
78924
49695
16493
6425
39617
58885
31185
98669
49796
48921
8845
475
9987
51573
4131
35399
76413
69518
54680
63628
96490
4916
4585
87151
24609
5012
40965
65521
26410
45948
69356
78877
4321
99806
71042
33698
69187
3086
85999
35323
60633
84358
85110
90506
25246
79528
34320
82883
18446
61859
83525
7332
4013
99311
75558
37154
87153
60915
32137
37887
28460
15846
50466
47544
96250
11634
46907
11867
4100
82804
49520
18518
51663
88864
34569
29385
39172
79138
2549
51453
50397
70687
67775
25135
3016
40154
61584
54149
94523
20594
33761
18433
7124
87369
92602
26611
67852
34911
65740
35528
83832
26141
45352
27425
41658
98637
92250
40991
36651
43334
97189
51481
28029
52870
74524
13648
24465
61145
41722
12282
68084
1654
31135
23546
85782
81992
22888
17201
52041
11305
47466
84654
26034
75530
55338
4257
21327
66544
28764
58413
99941
17273
11862
40059
67652
50748
26160
92171
24825
25647
56634
21798
68529
77793
36858
72623
99621
22695
71840
98871
43590
52276
78600
84688
8454
58114
71660
46649
67329
86061
28547
87640
90982
85566
38650
30439
7046
45702
27501
20645
56631
3328
5475
82636
33413
5305
96387
41795
29750
23499
67318
17993
21592
87461
84282
1458
21770
38694
64864
76175
39108
74024
16388
41509
78115
81338
23719
98592
64853
83974
29194
54145
95325
53137
31528
3314
97988
59168
29168
44378
48860
86200
27198
13355
90354
68798
31381
76249
29488
19133
13436
41157
77100
26341
55826
31032
47152
89745
41615
57643
40262
14689
60376
44931
25856
72678
1918
72186
29826
47612
45236
88664
27821
97073
92588
58529
82440
30724
33421
93799
60397
71273
31058
61024
87533
96040
12194
77939
93345
73317
97383
60236
80334
36603
1389
46447
52852
68386
79834
44937
41075
54512
82916
76898
19226
16315
43411
92398
98382
71515
68340
25058
77268
65358
22711
88612
75771
33590
73063
956
77577
93661
98307
54311
53024
36920
74813
12042
88780
75753
23534
33507
1932
29439
36467
67130
50938
81913
70889
19287
92185
88807
18209
70158
47290
31985
56703
48597
17195
62129
47797
6934
81693
2139
71703
81279
36912
6141
92891
50359
98397
16705
41391
43947
31743
99887
72118
92615
98463
91791
81440
91584
26203
23693
19877
41549
35923
52245
12702
57398
9327
47678
57217
4773
28048
61507
99511
29497
4050
65100
21403
22618
35642
41611
93841
17607
38498
2211
54176
93130
83678
16739
92077
67629
88170
6159
19350
29125
67890
1535
31240
4748
47037
57089
71550
40558
63607
38426
17175
13786
30202
46026
20049
96568
7896
41166
84072
52057
37832
18398
35621
52905
36042
73366
24517
99265
12185
41810
57223
60217
80780
50483
88273
84027
93448
76382
87552
75604
61094
74084
12970
90115
69276
73212
97395
93267
45259
24651
93735
94534
5957
78726
82682
21543
27320
95151
37946
43713
92668
20059
21357
21454
29429
86836
3917
33319
6628
65882
52028
81947
48208
60292
73382
67419
87853
95812
58674
39601
99079
53609
58340
31473
6445
70238
60114
35880
5276
81743
96993
57937
55111
76172
48859
24551
64672
49190
78127
25236
31174
77623
60998
80743
39434
26398
14461
36324
27424
71208
51812
64566
96447
74602
56850
65024
89300
98538
66818
28625
51818
28125
27406
99093
68846
43979
46246
37736
95586
8719
25965
65573
94624
24026
52433
67293
77672
17207
57349
9475
48744
65898
40892
84933
52872
40082
69892
36597
61999
67981
84989
3333
1749
81083
37749
56528
65669
46074
6081
73685
11630
99216
39801
28159
50536
78024
76529
44384
96702
61587
40720
47964
32827
74256
59599
49153
81173
62950
88655
22933
16465
82477
43127
96168
73393
95661
16233
24456
35073
38207
76384
46867
4634
62447
67465
80294
28272
22563
92250
42260
91583
50325
77395
82995
14989
23996
8464
39825
36539
73673
8744
77316
60717
66573
94469
71294
94420
31512
8032
40767
23445
78588
79352
34564
14200
90864
84623
24254
45806
80624
90466
95966
28127
73858
80578
38124
61072
93844
17619
16150
92398
96640
21889
25061
90105
88913
9274
1164
33872
85696
84077
13690
62709
49495
79068
58255
60380
83734
34048
84106
78293
98388
12538
27553
43956
14525
50609
64970
72953
72634
67821
82262
68801
45423
47343
24286
14153
5981
80651
84213
84122
47144
41283
49180
68341
52850
31233
52309
16123
20774
73584
74000
24250
72433
42680
52961
19440
18827
532
63154
39997
30612
27922
62836
77161
19033
8294
79057
21103
59157
97067
92733
16325
87572
43319
17099
64937
9043
3898
2108
44969
81891
58291
58930
9263
64685
97647
89986
9415
73263
56639
11816
1551
28388
50612
19028
50202
35330
62426
83235
67264
41117
10158
94633
63782
8649
43742
32585
66693
13373
90907
38663
18778
97010
16829
84404
5546
43146
88308
94697
28431
92878
95942
3599
53507
74576
68266
91835
33543
98127
99519
36823
51217
66489
67337
72667
84465
56427
82378
29051
36382
79379
121
98874
31521
47671
9186
96700
89021
44974
47738
64345
60282
80684
80636
90221
69677
4731
28805
31052
2757
85092
73065
56531
82005
77261
78064
46490
49561
28509
82320
11781
62759
88859
83399
95130
23923
78581
45942
81068
94014
83580
63893
68726
90268
99787
74775
30500
14401
23433
49915
57323
5576
85700
31627
26137
46656
19742
90197
97831
42003
62948
67332
17611
67411
77816
72186
15945
40643
11888
7116
8778
89120
25239
42330
15333
12683
16402
59817
48089
53620
18621
47871
38717
27683
59988
20699
42958
6278
74510
18254
94728
1139
54467
14458
75344
50168
14638
60517
86893
80071
22349
4314
83863
52567
27973
44572
90120
40889
71907
16040
28144
59064
90013
80934
67684
20139
47351
80523
51286
9723
70498
65391
2528
26444
34175
77990
70361
25578
97857
87965
27978
94896
62383
9746
84250
34168
15337
54640
19493
29114
9442
17286
38156
25379
15180
69251
5382
66740
47090
50897
41109
32051
90430
80939
30419
43731
94843
64987
77258
83483
26004
55540
5891
99765
17211
93961
51638
33109
47078
2985
89664
45892
62260
79000
20435
96712
97006
31211
22599
43825
30760
20991
15566
16099
7558
28022
59077
12155
28732
98511
80327
26208
7181
76129
15420
31592
9877
50580
73870
11396
92002
22364
85340
40969
98493
15826
28871
93659
97863
10769
28169
70967
9918
618
90982
89790
95519
68485
93147
13850
45573
97812
60179
75118
22479
72341
88441
82366
69056
58661
1607
75959
95808
57340
54972
33053
74848
70728
33581
11312
24347
37577
57522
74234
86615
40294
98337
68312
56907
59787
74712
64226
84859
64480
86451
57560
12766
27143
66654
84618
79457
17617
41125
78180
34788
73021
93447
23733
64962
19086
4424
35899
62254
79976
66949
85613
42936
87207
35555
64741
72143
87452
21601
6791
8289
52837
94892
63186
86622
63656
1904
22209
95003
54348
12235
31134
99090
37556
36862
46693
47622
29848
64286
85361
13060
45249
6247
40549
95045
6337
19343
5657
34352
87469
77624
95934
4764
28057
50399
60528
98803
30574
18354
71767
52850
66442
86111
46138
61838
83732
56519
12289
464
85306
1105
97445
17121
58281
76955
44342
2625
72072
4203
488
88176
42609
38595
62331
24591
57582
61747
35782
71873
80268
4137
56864
66540
41374
33507
17834
92284
77041
97701
87420
90022
52263
35206
78218
89065
36531
87205
87603
95664
23088
88409
52327
20021
34109
72037
17266
93535
77689
86026
42792
49996
36151
64855
16495
34442
24350
40316
65060
40352
32032
3196
85227
98057
3029
96321
47158
94624
41523
94057
79633
87447
24204
48798
22472
88705
49028
61731
72278
3248
73230
64650
22411
97784
56514
55618
33464
78291
47677
98926
2010
30622
2420
12433
91969
76960
16726
70373
91709
56010
46782
73259
98148
4890
5970
80765
67265
20122
77563
82432
66908
52613
81569
98133
51298
14954
81954
58573
11665
84424
10670
65020
46946
13242
15714
63591
3732
61548
95839
55960
53009
45899
31335
27440
56927
74268
9332
68956
99717
44194
82389
13888
24343
96291
13477
21615
76449
96036
17641
20733
31500
51216
966
26668
81327
87800
67133
54978
82069
75348
34149
76124
4743
79143
69539
54427
87927
71457
79111
61277
17768
97727
92550
17735
84348
93229
63632
19166
46460
38603
46350
59317
17726
93933
33658
69664
26358
18716
76282
42087
5019
73146
63418
97942
44916
58499
84837
54001
45087
27566
44320
57253
44766
371
195
90170
65983
66151
17941
20580
26631
12899
41731
54425
54618
23075
33724
40701
71849
41834
33932
42968
35160
98146
51475
74697
31691
36321
30657
31253
2476
68263
10801
99704
20220
29188
83743
73723
69236
38999
21543
4262
79990
49168
85308
11117
80853
43671
85345
86662
24381
9702
62503
30235
83041
42705
46340
63163
83104
28390
49708
67307
92370
41199
28143
48057
66292
51861
50255
95761
26574
72766
59996
66248
48510
98967
41581
78006
11587
46284
24509
79169
18471
97236
15712
82324
24137
21770
6337
94286
17063
60054
33369
70295
86725
40651
67022
54989
6460
58505
20582
53501
9762
62946
97350
95310
96465
83354
9803
49719
9431
2631
80260
80656
52698
95128
77450
54085
40101
49906
58013
55463
28180
84630
2877
81117
20472
73086
21762
39161
43559
50246
17368
36453
70243
64295
80250
30555
59653
16958
50218
42228
49926
69260
28426
42872
21546
79991
32538
53812
31785
14669
40046
42570
82875
30344
59787
39330
39968
21837
72382
97758
6345
77327
44890
80908
198
15568
33516
74164
85677
31496
48604
35697
17668
79486
59394
32445
52075
4947
67523
94308
58441
4510
74951
87099
18609
86834
43768
3817
25968
47035
37272
47843
88150
1287
89983
31030
43519
55106
52560
39453
49277
42458
28247
43027
62340
25154
58370
25346
72785
85201
28889
48506
30456
82090
45019
89533
65161
40310
39542
35479
10941
23021
89123
54667
54051
6676
47516
79176
12993
38273
3642
1242
24137
69978
31023
40253
56475
12187
50621
6413
20017
20405
78609
93592
60971
28468
10528
60533
82614
42617
76700
110
50779
76423
92306
41625
25666
67641
65060
61861
55522
76560
57438
65199
97030
29898
93079
61011
60285
38669
24614
88704
41949
12004
88862
12516
38325
100000
34056
33767
72334
16384
76763
49652
94622
92523
19867
87186
14345
538
15883
6033
23539
31379
77616
8671
54790
99152
60707
50970
19037
28477
69202
58048
58379
48192
1397
16706
8331
23412
12488
88439
22885
94062
78666
7276
39897
26080
8304
52506
33867
71419
5606
10864
96363
62223
42723
87663
46335
2286
98920
19029
73168
56623
8822
68240
18094
3983
9705
42516
59137
68977
31476
57928
94349
7526
76890
49083
1824
94888
61158
61428
12476
36704
5288
28903
89500
76679
8621
49891
19396
84874
40217
83080
29865
77318
83556
61430
10138
92531
54894
50656
50506
29182
13120
17312
37595
62510
21665
4100
37321
77799
39441
31302
82544
40621
38310
35577
79290
89536
69632
46687
63113
95494
58763
77943
81982
96583
43569
55508
7267
60498
11673
86761
11099
91836
33280
71457
19236
30888
48178
34539
14182
79138
48037
3346
53211
94886
10035
98058
35643
63614
42002
50982
61826
52712
52049
27047
23008
12981
73937
74927
81534
71150
71677
6580
98408
67730
17640
56591
46939
76858
84194
52596
52908
15805
61782
40189
11602
18927
3843
63295
49969
76036
98901
43325
34596
87923
82559
21563
23846
35605
46424
13931
48285
82445
84207
33379
59396
16513
72812
91504
2324
51911
21284
99268
79214
34299
82104
8490
74311
5740
74667
47290
24048
86359
9502
16552
87809
38602
41386
85303
91170
86539
90970
43211
86070
61905
57826
27132
51908
23344
96191
93159
55971
7346
97165
27006
83777
52321
29567
45087
14640
86657
92542
76258
52206
10010
45953
50379
37167
19315
90086
43296
18409
33402
55754
99925
66716
27296
88554
69571
3260
90113
39095
25591
90012
39105
41648
93446
74425
97586
85214
6334
58336
70802
27057
78072
97117
79121
12658
90186
75457
75825
22597
94361
38447
53542
88862
53835
10371
93277
1756
13850
78655
30264
46758
94981
4724
4855
48161
28160
37449
20275
69707
68268
24267
81571
89367
29378
62705
23138
57925
24648
42411
47784
41885
54662
65159
79252
41224
5874
1663
29387
13068
95367
1250
27258
35266
12596
47165
69624
63605
41297
75014
35399
85720
11853
95237
36985
78629
98275
73248
71406
9806
36746
42241
85595
87458
36075
38566
90983
9406
32014
98116
18352
59628
27309
67577
94731
96285
85674
91117
25576
34591
5244
96964
89747
81787
89860
53859
41526
35053
28191
508
12028
27009
55508
94071
73968
93959
15661
93407
75236
65074
23074
99687
29487
48466
90064
81911
53134
38732
96297
6359
23978
2835
63718
78038
93338
63046
80727
83159
7391
15622
50042
48025
48781
57649
10058
15586
56810
18880
36175
78503
97743
6073
55379
25018
27019
56946
38069
49521
89831
89059
88086
11951
28484
77062
28337
67601
55329
7086
73096
42935
18040
76417
21113
34380
36328
43892
37231
88628
90829
52289
34165
1426
23083
48903
8293
67059
55146
19551
84159
59930
1083
99542
24533
86153
84377
54060
4515
95593
69963
10343
37340
34742
57638
43029
6687
64425
80783
89148
42441
74371
45757
75552
31812
7603
51485
37136
74236
40933
80015
97549
85010
57992
70318
27769
40682
60345
74541
98007
68351
67473
57917
70405
60471
55208
79019
54867
2865
34084
65734
18335
93978
77730
51518
20302
54462
99200
32872
78664
55836
56452
39262
53233
69491
74157
93699
93312
48216
404
22212
1662
43914
86206
23098
19004
53564
3393
23084
32145
91441
39472
76338
47855
39751
94053
28500
45601
30153
41258
34577
96995
33544
19364
13883
90686
86340
26205
58335
71007
33893
59501
33282
7698
78694
83363
13895
39968
4337
82133
94958
31234
81253
37826
1686
56193
57459
39648
8163
95212
82121
22088
68059
62325
89573
8186
44138
50184
11116
94637
33189
61417
11379
16471
52683
46505
1209
89846
85416
1381
34936
13177
55091
40923
83472
59918
18903
56681
10852
46344
93359
24004
17760
84556
83754
69362
34999
75992
31311
18180
21516
38705
16410
99796
1030
51016
23843
44823
98791
84905
64288
11070
23125
1023
34433
16111
38775
76167
84441
91003
2940
7183
5212
39068
96116
97163
96004
76685
42242
47924
87278
11046
99273
67869
91585
22098
10244
6356
47758
91086
71858
1136
81747
66177
26798
26909
82778
19699
78461
48834
45471
43115
88128
53451
69710
75369
91817
59544
23275
14876
84490
41761
15211
54272
424
53892
25951
73272
29167
54125
45137
51493
44864
73184
60230
42400
57413
20422
24836
1914
24870
50482
38349
19181
83187
31887
27338
2461
17409
33288
58467
83217
23890
18803
90922
51785
3085
49307
91991
68827
23212
64968
67214
75469
37364
78893
50013
64753
89472
17870
12993
71480
69142
88652
92713
51700
66075
29583
44050
67631
96866
88943
89105
705
12351
6878
77231
5426
38074
30165
51118
69741
75519
12186
76938
71996
22579
69451
53947
79622
49729
10858
56983
2338
92050
29508
88052
36950
57242
84607
67307
51857
28303
12928
96664
98465
57461
70007
606
86193
31637
25031
24263
23235
28108
50262
95177
69670
80671
95757
51301
77524
29868
30668
66601
1387
96764
11342
48628
76486
94453
58772
63321
11255
97868
97936
89437
29987
13592
68432
80955
73881
98305
6629
75495
67825
36502
59152
84592
4222
25054
89192
76990
815
9735
26634
4026
93543
64571
20573
94637
70199
17136
96128
99361
51477
99198
73107
47235
88188
7307
14367
23690
66719
94914
547
17138
24363
24931
45212
80289
18712
35988
38607
16267
51147
53076
43830
34736
35115
91696
12326
58754
31678
95183
45497
60101
51104
73224
88764
17871
95008
40787
67159
81296
22934
92061
22004
91435
12996
38645
42478
43681
40233
20035
38072
38447
81884
1272
62054
33294
60843
47201
7964
80952
85935
38357
50482
88906
17996
33422
71744
90885
94050
40244
42412
75279
59731
39413
31565
79382
58002
78577
88826
12181
58596
44113
81780
46095
41206
84855
70605
58807
59258
48465
51668
17746
58623
28135
52575
65045
80171
80596
51635
39400
83064
37074
93234
5868
96777
48462
2561
78552
71368
410
82357
21151
8573
7969
78778
28654
32876
18549
47744
1617
81708
53956
31394
76885
62080
17577
14580
5832
75059
68511
10440
57469
51349
43057
38141
23979
26284
36428
21925
13749
20473
81526
47250
72644
88713
29623
14844
17073
93108
97749
32561
12223
30645
75487
73337
52004
72871
33503
89829
88361
56920
59058
64788
63655
20524
5460
62977
70801
11249
3956
55565
16656
74522
97639
16324
92745
38427
56
1487
75579
88864
62173
48693
7109
30634
91397
782
17316
42631
48589
75238
77914
17101
46513
93579
34698
10355
94560
307
63296
57451
73961
77964
83598
71552
5682
68353
19344
78696
65319
55750
41617
10246
75407
18561
36679
60383
28282
66453
69433
29334
6710
79340
75969
93542
2145
12640
21772
87804
65401
1062
51101
50095
64271
919
40658
29597
16250
18557
29471
80227
99912
48886
90358
55384
57167
84168
79145
87623
61890
49249
47462
31047
32671
59690
11360
72984
73445
25640
45870
77628
6691
34606
15565
45968
54123
82850
17729
25606
90533
61962
60569
97121
71104
87731
29135
74827
64163
31006
16655
30422
33730
42728
32943
41997
80716
20532
98205
82422
1825
60374
95927
70664
29345
93631
7474
46595
35392
4544
46270
22287
10453
20893
75105
42452
92626
63056
49152
6547
72717
36759
51837
52161
56029
22427
79001
21822
14593
98078
69690
26101
47770
61184
67688
28242
5688
49485
77874
28794
92274
41830
51534
28108
36815
79915
66301
45715
22146
97923
56172
74212
79187
88519
73879
35771
32407
88593
35688
60076
11937
9820
80509
58920
47026
99448
90856
17007
3020
75852
63919
87052
94629
19144
82964
70641
62679
4775
58127
86767
99060
99485
78616
72306
47414
44931
14081
7992
81365
73276
69951
1100
67505
2146
52457
5379
78031
60338
66168
39858
15009
22865
18767
35178
7198
31097
57301
21298
34609
19877
15613
78943
56877
21493
69095
32753
79645
46717
50943
42893
77369
19056
16386
45907
35189
33061
35841
18715
25780
78467
70623
64593
3803
77807
76372
52490
12480
8462
37972
33410
18208
82329
27402
59476
57679
17661
65117
45685
48939
88491
41205
29869
94762
93219
6263
69139
19825
18615
32299
96260
87750
82495
39935
46783
92797
7066
47748
54688
13007
52155
61782
97111
33417
32759
35098
63684
74145
5737
28767
27122
18563
91776
12999
90093
34665
53415
76383
91041
75081
61614
68010
73360
14632
90522
53724
37776
17292
88454
1186
29375
32816
29875
36479
91203
52336
28244
4048
8354
87972
36911
80145
9979
10314
72016
35897
57440
72956
32432
72576
84625
192
16989
42786
38933
5694
98087
14299
48567
25804
53703
4753
92507
81957
6155
16433
70076
63033
15522
53490
6051
19518
28737
89654
27270
8868
21263
5903
22330
40294
27284
18558
70550
93723
33784
96854
76743
73548
64123
77216
84329
24801
41457
72887
60425
69269
18711
147
45716
46824
37271
60835
6874
61266
66931
14995
6053
80468
52146
3565
25584
72267
38212
10236
61670
71582
68404
71756
32089
47191
7753
42734
71291
90446
9496
71479
11996
45473
55498
56807
72064
8960
78662
80039
20188
38724
56219
33483
37229
29536
77643
85272
64246
77135
12023
75391
66356
93005
76355
19751
69631
77154
55878
99049
97663
19993
71921
81781
29864
59951
43481
40082
75412
49830
81571
64930
47452
42457
40043
15299
85010
426
13776
82258
47422
39095
68031
27979
54067
34443
40667
92875
5678
29873
46886
42774
36234
4900
82991
51732
82754
82433
56344
98263
1604
76990
80834
37432
13262
38484
34743
59359
43305
69943
54580
30912
47742
71846
83057
36866
14297
20478
78799
45916
82553
33225
36093
53081
44528
92660
93094
7994
5117
72958
82970
55290
27524
41356
24503
48173
21959
49817
99893
55649
64483
32171
86347
94439
19178
76865
86081
52715
28696
18984
18931
84446
33780
78573
77438
55669
62981
66572
16778
57290
65006
45671
80276
37184
7624
77747
85335
63749
96090
16364
23094
8304
82231
75945
39561
34057
94133
80906
64770
87656
69285
46158
72987
81493
24052
23041
21373
60527
61757
19890
11279
26440
98472
35618
55994
85709
64611
71480
54389
60836
91388
56786
91889
34190
8664
72886
14691
2379
95955
16583
16265
65693
58900
64723
77147
33605
81900
50185
3472
56810
61676
44136
61450
64664
64896
73842
19455
37572
82475
80255
23972
85326
9952
96142
10936
9663
11066
19702
11083
88210
32601
45691
7945
11439
92314
44829
98279
89330
21617
29002
2057
94091
76741
28147
95309
97150
50601
65467
74904
68842
31091
98444
56474
63591
73594
9956
42784
38120
42769
94829
15255
67168
3834
25611
49752
93218
70537
52718
38676
31552
27062
64039
70205
24501
61598
24119
38702
91838
11639
43394
51992
57730
87502
40195
58890
29715
44447
99481
8381
67597
86352
36639
39449
34555
56874
36698
25544
51673
59317
14667
6709
66835
53648
14916
51231
13005
29641
6135
65984
12060
48511
57674
31636
49073
8913
52359
55817
74038
5730
87152
27522
80113
89356
66799
88775
29573
90174
85452
21549
19224
62708
77880
89566
35920
81522
1285
3140
75862
45244
44760
91703
96860
36404
56855
37984
13274
2353
95293
88265
38484
40728
55821
39172
63768
41242
37091
93077
9092
36458
1381
11964
74084
71769
48536
53539
29337
15856
13679
57504
36277
33801
92350
56423
29058
69130
6894
60336
28962
93216
17001
61888
67794
39220
10068
23350
21992
10156
52189
69269
10875
95777
25994
92585
34177
61047
39376
31928
7827
38335
9797
34470
59181
18725
17133
22724
96402
9526
67441
92119
92813
77907
49871
84545
72946
234
32234
39374
67426
39191
36033
97468
99053
64183
64669
36999
52914
91012
79972
42385
13410
9522
98444
28683
35907
7076
64361
77923
58704
55436
87462
99818
18494
87934
15218
71520
34137
94959
58642
253
85676
16911
39573
60287
68256
28768
61477
19052
38524
29330
3832
55395
99723
51357
45382
33091
98939
4026
17173
18039
22529
10271
27409
90716
30073
25525
81239
7377
1483
13398
68784
76026
49098
43848
22907
65105
13623
25617
20515
74217
58882
57975
96304
59488
2064
84309
44825
99073
68312
41371
17239
3891
40103
34563
33428
45186
77251
6923
83490
6280
66093
16468
92809
2423
69631
20438
31640
9381
88405
29534
50205
92661
68009
66469
4847
30430
65078
40878
2152
38234
62686
34875
50513
78317
15783
71276
87189
49680
79648
62742
96887
83673
28865
75612
17504
85769
48848
30925
47632
98130
14880
23033
39638
85794
36308
83793
8219
9712
53538
2938
78488
56738
9362
57550
94663
77528
85797
35759
42327
4953
74675
62345
84698
88057
8844
65027
92345
62275
1632
50593
17607
69833
66491
84537
5042
869
53416
41711
31670
23498
40886
31792
62859
82252
82488
56231
49855
50761
23782
42976
1919
91602
12704
44343
942
62362
61875
92348
17688
86267
62612
65317
17792
9119
15882
84751
35606
92721
32904
13235
72004
8992
82776
5697
93639
8973
43987
84092
25531
55826
66764
50322
82575
41647
21228
89365
88024
18258
9880
187
51266
56450
78800
63503
20321
49641
41585
51313
27653
92603
89593
66161
52299
64903
64586
15523
69200
82425
78087
45631
32576
17673
87068
92441
88749
65540
67259
64344
42236
36276
27617
53300
43994
56655
86871
5745
59180
14649
49651
30931
32643
34167
86015
89853
941
78513
84881
35177
44328
36931
26682
21126
13234
40833
15483
91369
37181
38052
21424
60018
7198
80757
40048
82141
95972
63540
62189
3360
28741
31429
35702
14119
95412
13016
69725
4394
11279
38484
47442
66504
97621
5568
87469
21795
74517
21357
44939
78807
42497
21347
36656
14424
88002
38727
97323
61095
74500
39846
81399
23696
52914
32480
45565
59332
55293
97747
43287
26638
78421
78979
72880
93555
2874
1028
45639
75371
46796
30884
18162
61015
36607
97879
46814
17022
7755
77375
3765
10408
3231
9080
9593
35126
34037
14206
45516
81563
86529
61980
10642
36859
61923
7634
590
60383
71452
34370
50089
73202
7517
94519
63122
93948
83834
22226
94367
44088
50238
56274
81073
98195
78744
32095
35638
48004
6995
82356
21927
85634
38052
18822
56146
31239
94812
97557
26642
7263
11229
53743
25082
84236
66570
95579
61521
86554
60663
84648
63542
94874
66975
56307
5
68029
58260
66991
28306
62607
22128
89556
6866
69613
25131
70662
81754
46020
20390
30465
66591
32328
62179
6526
42779
59469
35032
41445
65073
77830
49464
26287
24296
59031
64753
83478
77076
81081
43957
10779
9746
11146
49712
41364
69585
52783
73208
85296
11470
199
53347
54792
88824
9740
46642
54148
63923
25289
17194
85191
97656
78515
96835
15129
98105
30085
24858
5775
8929
69372
67361
95448
82458
72171
17015
27110
62888
90108
97266
16311
53939
22468
57975
60352
3651
69762
43404
41141
23044
30804
22438
28471
50536
51957
67676
8218
3755
6775
92060
95730
22674
18041
6811
80250
24557
33765
93960
21152
55516
80425
96890
47920
48653
2351
46920
51612
39267
47931
80247
87941
30866
82177
85934
45576
83591
92321
357
40040
88485
71264
69532
24276
94698
27908
72296
80148
20304
41707
82440
25269
84815
59241
23350
7951
86655
56412
80664
53872
42652
14381
99350
85095
90434
36614
87175
6990
68664
92906
37508
99029
8297
18741
7422
27591
36397
21522
70539
76027
9862
63731
37883
46874
79078
34320
60489
81383
82158
16767
5804
1712
32753
6860
4686
25680
77592
44981
48404
71294
38910
60869
43420
28373
91739
84011
44517
7009
32030
96790
72040
28355
90676
56975
74340
36609
32869
26003
46807
61229
18653
87500
94056
78576
45896
11179
4289
63027
53431
55971
12635
94794
29343
23941
29777
65886
3808
35828
8983
87445
10787
91396
76611
19775
38077
84244
21961
59872
68368
64773
74884
85493
94993
72438
50864
2149
80644
74302
47093
82757
41091
85253
50622
44104
25246
98014
68008
24514
27900
84581
43254
72407
52735
11153
78977
70340
12102
82519
82444
29609
18892
8027
99285
7698
13261
70835
42984
62753
22313
68634
72878
2010
99937
13453
65666
40907
83551
30373
42660
60981
76818
74066
82343
10363
28982
85489
65573
47078
63410
96618
71474
5746
78299
68808
90989
73625
1206
28053
81203
91194
81403
23538
56782
52166
49621
98192
60075
27911
29381
89326
9641
88844
94791
52015
76429
57685
12204
3223
64243
62552
80134
34306
91838
37646
41762
10913
14769
27838
74576
84978
18262
12323
95326
2394
65051
54172
22338
49538
50397
65104
92854
76651
77244
24955
50174
44848
66862
32826
50309
61015
39599
20591
30053
68307
77174
93329
94182
21369
85795
13844
66718
20796
3797
77104
93110
36199
60056
8177
66861
84919
7835
32730
35509
21043
92031
14934
21051
23752
39148
54493
96005
88325
24926
79935
78292
8816
66396
11600
91849
36708
51081
18512
34564
7080
87187
16885
25287
49868
27241
95896
29817
80162
34858
64569
2534
45303
16697
61232
55172
11469
62060
85521
66800
54230
48803
50587
85879
57519
14165
42813
22577
93783
50150
26469
79047
71594
95670
5095
56757
77790
38771
62694
39691
3769
97806
35106
48269
12653
9003
28318
55482
62161
87378
78988
9962
85342
18402
77272
61809
32099
84869
28910
44608
32485
15007
18761
60138
60822
25760
77624
37412
57616
55449
94159
98886
8943
62987
62536
18318
14088
61883
32211
23652
49290
86689
77185
97911
29104
44672
17225
50694
21311
13456
37494
69404
77730
51223
83373
91730
41152
8054
60638
25048
44119
28863
43462
65935
78039
56068
32959
90477
69437
77323
43621
78243
26570
97887
82021
28572
62784
5952
74276
41211
28793
49785
37065
90503
4163
7378
51784
98435
84316
56412
4236
16854
54118
29226
96608
92937
43014
39423
5819
4974
18527
1410
40838
83710
95046
8718
45578
56155
82434
24550
29147
88116
29187
55365
9947
72615
29180
27508
80076
54112
42429
54037
27318
80352
45937
87900
10481
34905
5457
16542
40528
2581
91459
76801
57994
99319
81619
979
11974
77849
68363
45270
24162
42484
80306
65368
53536
3134
90559
22722
41614
43950
87161
23942
82768
