4056
993
183
1245
1218
1151
4283
3709
2905
1000
3053
2270
955
3648
2827
30
3340
1009
3613
613
1493
1772
310
4969
4558
93
4366
812
4716
3505
4876
2172
534
4487
4185
975
1233
1176
2288
1872
1420
1556
4225
1066
3453
1267
4612
560
298
3820
2171
3111
3164
1141
1217
121
3270
1352
1006
1807
2443
3623
724
730
885
3404
2260
3646
3698
543
4113
3443
3209
3964
799
3001
691
4200
4724
335
1836
2696
372
3592
4056
2574
3859
4427
4554
4785
1803
1438
1368
1416
4373
3623
955
620
3988
430
4786
1223
2461
2881
1221
476
402
1037
3095
27
4838
4927
4821
3529
4436
3285
1828
2018
1056
395
3199
3389
4294
2933
509
4635
833
4342
3673
4994
1828
379
1803
4108
4269
55
3140
2247
728
4892
3759
4745
3879
2059
3770
4954
2790
288
4324
246
3412
1445
3848
4293
2318
232
3680
1601
1262
3764
3149
2108
1602
3258
4226
4235
807
585
4241
1682
2491
2209
4397
3469
1857
2048
831
2161
3743
4326
3604
1125
1652
3556
122
400
646
1140
4755
1976
552
1820
4651
4644
4976
3493
4172
1271
950
1891
657
1706
1872
2728
1743
292
3842
1097
1222
1536
131
3660
2495
2803
1963
2996
4241
3625
1369
1139
236
2044
3665
3068
1774
4655
3619
2738
3259
2197
1622
2712
3519
4193
3874
1453
783
465
4118
1955
422
1884
1950
445
1691
3909
1862
451
2088
1740
356
4955
3085
663
375
3102
987
1826
230
3548
2157
2896
612
2108
3512
740
2871
4812
1547
3217
1951
3778
2209
2962
20
4605
3139
2127
8
2987
3651
1700
2619
3775
212
3400
221
2518
3229
4559
4887
4783
1924
52
3306
3693
4951
2183
3249
3522
2733
1359
1203
169
1827
4100
3984
4392
203
2379
3021
1073
3903
4399
3290
91
411
4072
1688
3889
721
3419
3800
15
2094
1142
4103
693
809
1806
1581
330
2947
175
1413
4261
697
2447
1879
866
1951
4687
4233
4376
4592
1439
212
1443
2176
4077
3083
2763
290
4154
1910
4544
1085
545
4436
840
1193
541
2799
279
2960
3102
1505
1842
423
1295
2557
2304
2323
3927
3216
3429
529
3617
3903
3668
1150
2243
1154
4792
4205
4552
3429
703
4711
1586
487
1556
4252
727
3171
447
3687
335
4436
3539
1184
4912
3454
3340
2075
1429
1303
4796
1254
3722
3309
2512
3800
2580
4649
3235
4413
345
3512
4599
1478
2268
2507
4139
2829
4698
932
845
1550
3822
1217
3981
1465
3333
4733
932
195
1728
4641
1032
3269
3052
1642
701
3444
151
2908
1777
1863
3592
4109
4388
2872
3955
2060
2313
1121
977
4255
3854
3728
1408
3844
1364
3773
1492
4719
2347
2152
3025
4723
2798
3863
4300
180
1070
1133
1709
1568
1237
1247
2819
3358
266
1783
2676
3998
2892
4099
1655
1336
1708
2969
1137
49
3715
625
1952
1297
4845
2612
3630
3207
2241
1466
38
501
2447
247
3652
4776
4837
159
4812
1872
3005
513
4315
1350
2270
456
4273
1059
1037
940
115
3029
2607
1520
4556
4468
4814
2700
1171
3683
1647
3530
1749
3626
2956
542
432
873
1946
3406
345
2439
433
1793
4314
4535
451
1428
2044
3892
987
3023
3540
4347
1932
1255
4405
3255
1707
1316
195
555
114
4986
2991
4479
2417
4013
3228
2693
1211
1182
204
2678
3403
2211
4383
2550
2665
1506
4522
4838
4348
4349
984
2632
885
4505
2152
916
78
4640
1074
3513
3742
2487
4039
544
411
2106
316
4986
2154
1460
1626
2882
645
3658
4654
3477
2689
4495
2568
1494
3075
4042
4194
574
127
2691
1143
3976
3189
1869
2293
2251
4385
2732
256
313
2900
1904
1341
3340
1284
1787
319
4919
2173
2588
546
2506
2834
1326
1050
3752
2757
298
1342
835
3630
1296
255
647
3891
1965
2279
404
828
4414
64
1461
1818
4739
170
3333
1556
1639
312
505
4806
3236
1439
4553
3734
3883
3004
3200
2428
17
4545
4306
2221
1637
740
2517
3428
2589
28
2032
1790
601
1217
1521
1448
1359
1119
795
4983
2301
2910
1892
1116
414
2290
1812
3634
1811
722
1873
2381
1163
3294
1464
1593
1733
1874
4694
3340
3970
1217
1924
3761
1496
4392
2337
2234
4104
4297
4985
81
4593
4024
35
3331
4102
1110
3625
3842
2218
3703
3816
973
2252
4938
2839
1878
813
3989
3397
3112
78
3514
4659
3114
879
2377
1608
3276
1178
2835
1939
2742
4254
3297
4771
1600
2128
3447
3027
1777
4123
3537
2881
2127
1048
4184
4341
1687
2385
2880
1471
386
3807
617
2625
3725
627
2920
2276
4011
1857
1666
3982
1129
865
4309
712
2085
184
4618
206
3844
3099
1178
4280
1431
4035
4652
4118
2497
1348
1601
2288
1112
1743
3613
499
3853
264
3945
3583
3225
2161
4409
1693
4534
1845
4831
966
3608
3578
2051
351
3726
2541
2384
4545
3337
2265
4451
1436
3720
3450
2402
220
4012
2948
231
1379
3823
4593
4848
1742
92
3095
989
4212
187
2287
3021
3873
2764
4842
4972
2993
3085
1358
1077
3071
4249
4462
2448
757
1359
4600
937
1262
1748
4496
2245
3447
1326
3250
441
3629
927
4069
2417
3888
906
2442
3385
1212
1109
3204
1508
208
1858
3417
4110
591
4012
4614
864
1876
1411
4282
1960
763
180
4801
4010
1515
639
4152
2456
207
4166
2416
1713
1555
304
2523
856
372
3247
1676
3932
904
3268
171
184
3005
1396
4526
4374
4446
1439
2195
1476
4415
4190
2753
4547
41
814
3863
2752
4209
2701
3084
770
2923
2888
4750
3695
3397
94
1006
1874
2206
4237
2744
693
2013
1231
40
2958
2621
544
1576
4442
4590
799
54
363
919
4135
4690
847
2135
4433
2253
2279
1532
4415
286
976
403
3455
3542
1377
4093
2402
